[gd_scene load_steps=18 format=3 uid="uid://mxv1tmwyxwnu"]

[ext_resource type="PackedScene" uid="uid://dmrflkjigcji8" path="res://assets/School/Cafeteria/GLTF/CAFETERIAwallfloor.glb" id="1_8sj0o"]
[ext_resource type="PackedScene" uid="uid://ca47m3d1gl1k0" path="res://scenes/door_wall.tscn" id="2_fward"]
[ext_resource type="PackedScene" uid="uid://dd02n71ovsflw" path="res://assets/School/ArtRoom/glb/table.glb" id="3_bgp8g"]
[ext_resource type="PackedScene" uid="uid://cmnpsy6aeub86" path="res://assets/School/ArtRoom/glb/stool.glb" id="4_uy6a7"]
[ext_resource type="PackedScene" uid="uid://bfew5t3txrsp" path="res://assets/School/ArtRoom/glb/stool_001.glb" id="5_yjq2w"]
[ext_resource type="PackedScene" uid="uid://b16vjik2tw7fq" path="res://assets/School/ArtRoom/glb/statue.glb" id="6_c58vr"]
[ext_resource type="PackedScene" uid="uid://dpifejm3lhsh5" path="res://assets/School/ArtRoom/glb/easel_001.glb" id="7_1862m"]
[ext_resource type="PackedScene" uid="uid://0uvvosahyxpk" path="res://assets/School/ArtRoom/glb/paintingreal.glb" id="8_p72qi"]
[ext_resource type="PackedScene" uid="uid://dxmchgx1bes55" path="res://assets/School/Classroom/GLTF/shelf_001.glb" id="8_xyabk"]
[ext_resource type="PackedScene" uid="uid://mkcqrkufr2bx" path="res://assets/School/ArtRoom/glb/palette.glb" id="9_13h1q"]
[ext_resource type="PackedScene" uid="uid://bposi2gag6har" path="res://assets/School/ArtRoom/glb/holder_001.glb" id="9_fpi6e"]
[ext_resource type="PackedScene" uid="uid://bqpyh2pxfteus" path="res://assets/School/ArtRoom/glb/paintingreference_003.glb" id="9_gl8ti"]
[ext_resource type="PackedScene" uid="uid://do8wqi63cacoa" path="res://assets/School/ArtRoom/glb/paintingreal_001.glb" id="9_swpfi"]
[ext_resource type="PackedScene" uid="uid://datqw1j38u5g1" path="res://assets/School/ArtRoom/glb/easel.glb" id="9_uv0r0"]
[ext_resource type="PackedScene" uid="uid://bmamj7u6uqxuj" path="res://assets/School/ArtRoom/glb/brush.glb" id="10_bykqx"]
[ext_resource type="PackedScene" uid="uid://dekit2qj53tlk" path="res://assets/School/ArtRoom/glb/paintingreference_004.glb" id="10_c1nh2"]
[ext_resource type="PackedScene" uid="uid://cy3rsuo8no3rv" path="res://assets/School/ArtRoom/glb/table_001.glb" id="11_483xo"]

[node name="ArtRoom" type="Node3D"]
transform = Transform3D(4, 0, 0, 0, 4, 0, 0, 0, 4, 0, 0, 0)

[node name="WallFloor" parent="." instance=ExtResource("1_8sj0o")]

[node name="DoorWall" parent="." instance=ExtResource("2_fward")]
transform = Transform3D(1, 0, 0, 0, 1, 0, 0, 0, 1, 4.98199, 1.47026, -1.79379)

[node name="Objects" type="Node3D" parent="."]
transform = Transform3D(0.75, 0, 0, 0, 0.75, 0, 0, 0, 0.75, 0, 0, 0)

[node name="Table" parent="Objects" instance=ExtResource("3_bgp8g")]
transform = Transform3D(1, 0, 0, 0, 1, 0, 0, 0, 1, 0.33599, 1.3291, 0)

[node name="Stool" parent="Objects" instance=ExtResource("4_uy6a7")]
transform = Transform3D(0.6, 0, 0, 0, 0.6, 0, 0, 0, 0.6, 0, 0.643055, -1.78954)

[node name="Stool2" parent="Objects" instance=ExtResource("5_yjq2w")]
transform = Transform3D(0.6, 0, 0, 0, 0.6, 0, 0, 0, 0.6, 2.12221, 0.661015, 0)

[node name="Stool3" parent="Objects" instance=ExtResource("5_yjq2w")]
transform = Transform3D(0.6, 0, 0, 0, 0.6, 0, 0, 0, 0.6, 1.86801, 0.661015, -4.86665)

[node name="statue2" parent="Objects" instance=ExtResource("6_c58vr")]
transform = Transform3D(0.961665, 0, -0.274228, 0, 1, 0, 0.274228, 0, 0.961665, 0, 2.07861, 0)

[node name="Painting1" parent="Objects" instance=ExtResource("8_p72qi")]
transform = Transform3D(-4.37114e-08, 0, -1, 0, 1, 0, 1, 0, -4.37114e-08, -6.43156, 2.23435, -2.90356)

[node name="shelf_0012" parent="Objects" instance=ExtResource("8_xyabk")]
transform = Transform3D(-0.00581194, 0, -0.999983, 0, 1, 0, 0.999983, 0, -0.00581194, -5.89118, 1.01403, 0.359501)

[node name="shelf_0013" parent="Objects" instance=ExtResource("8_xyabk")]
transform = Transform3D(0.0158994, 0, 0.999874, 0, 1, 0, -0.999874, 0, 0.0158994, 5.94344, 1.01403, 0.359501)

[node name="easel2" parent="Objects" instance=ExtResource("9_uv0r0")]
transform = Transform3D(0.909599, 0, 0.415487, 0, 1, 0, -0.415487, 0, 0.909599, 2.78198, 1.05466, 1.34686)

[node name="paintingreference_0042" parent="Objects" instance=ExtResource("10_c1nh2")]
transform = Transform3D(-0.0828705, 0.903361, 0.420799, -0.969369, 0.024893, -0.244343, -0.231205, -0.428158, 0.873627, 2.6856, 0.882571, 1.2179)

[node name="Easel" parent="Objects" instance=ExtResource("7_1862m")]
transform = Transform3D(-4.37114e-08, 0, -1, 0, 1, 0, 1, 0, -4.37114e-08, -3.08179, 1.00822, -2.90356)

[node name="Easel2" parent="Objects" instance=ExtResource("7_1862m")]
transform = Transform3D(-0.696276, 0, -0.717774, 0, 1, 0, 0.717774, 0, -0.696276, -3.08179, 1.00822, -5.53031)

[node name="paintingreal_0012" parent="Objects" instance=ExtResource("9_swpfi")]
transform = Transform3D(0.0145207, 0, -0.999895, 0, 1, 0, 0.999895, 0, 0.0145207, -6.44199, 2.8434, -5.27464)

[node name="Easel3" parent="Objects" instance=ExtResource("7_1862m")]
transform = Transform3D(-0.901213, 0, 0.433376, 0, 1, 0, -0.433376, 0, -0.901213, 4.19384, 1.00822, -7.23404)

[node name="holder_0012" parent="Objects" instance=ExtResource("9_fpi6e")]
transform = Transform3D(1, 0, 0, 0, 1, 0, 0, 0, 1, 1.83155, 1.45941, -5.98614)

[node name="palette2" parent="Objects" instance=ExtResource("9_13h1q")]
transform = Transform3D(1, 0, 0, 0, -0.0417362, -0.999129, 0, 0.999129, -0.0417362, 0.872177, 1.44071, -0.38782)

[node name="palette3" parent="Objects" instance=ExtResource("9_13h1q")]
transform = Transform3D(0.568734, -0.821805, 0.0343289, 0, -0.0417362, -0.999129, 0.822521, 0.568239, -0.0237368, 0.872177, 1.34792, -6.31797)

[node name="paintingreference_0032" parent="Objects" instance=ExtResource("9_gl8ti")]
transform = Transform3D(-4.37114e-08, -0.309017, -0.951056, 0, 0.951056, -0.309017, 1, -1.35076e-08, -4.1572e-08, -2.91525, 0.669828, -3.09417)

[node name="table_0012" parent="Objects" instance=ExtResource("11_483xo")]
transform = Transform3D(0.956348, -0.0284978, 0.290839, 0.0259398, 0.999584, 0.0126484, -0.291078, -0.0045523, 0.956689, 1.40366, 1.24633, -6.15551)

[node name="brush2" parent="Objects" instance=ExtResource("10_bykqx")]
transform = Transform3D(0.787333, 0.616393, 0.0128901, 0, 0.0209075, -0.999781, -0.616528, 0.787161, 0.0164612, 0, 1.44389, -0.563662)
